3     12    4     6     7     9     21    24    
4     13    5     7     8     10    17    22    
1     5     14    6     8     11    18    23    
1     2     6     15    7     12    19    24    
2     3     7     16    8     13    17    20    
9     1     3     4     8     14    18    21    
1     10    2     4     5     15    19    22    
2     11    3     5     6     16    20    23    
17    1     14    6     11    20    12    15    
18    2     15    7     12    21    13    16    
19    3     16    8     9     13    22    14    
9     1     20    4     10    14    23    15    
10    2     21    5     11    15    24    16    
11    3     22    6     17    9     12    16    
12    4     23    7     9     18    10    13    
13    5     24    8     10    19    11    14    
2     5     9     22    14    19    20    23    
3     6     10    23    15    20    21    24    
4     7     11    24    16    17    21    22    
5     8     17    9     12    18    22    23    
1     6     18    10    13    19    23    24    
2     7     19    11    14    17    20    24    
3     8     20    12    15    17    18    21    
1     4     21    13    16    18    19    22    






