0     19    
1     19    
2     19    
3     19    
4     19    
5     19    
6     19    
7     19    
8     19    
9     19    
10    19    
11    19    
12    18    
13    18    
14    18    
15    17    
16    18    
17    18    
18    18    
19    18    
20    19    
21    19    
22    19    
23    19    
24    19    
25    18    
26    18    
27    18    
28    18    
29    18    
30    18    
31    18    
32    18    
33    18    
34    18    
35    18    
36    18    
37    18    
38    18    
39    18    
40    18    
41    17    
42    18    
43    18    
44    18    
45    19    
46    19    
47    19    
48    19    
49    19    
50    19    
51    19    
52    19    
53    19    
54    19    
55    19    
56    19    
57    19    
58    19    
59    19    
60    19    
61    19    
62    19    
63    19    
64    18    
65    18    
66    18    
67    18    
68    18    
69    18    
70    18    
71    18    
72    19    
73    19    
74    19    
75    19    
76    19    
77    19    
78    19    
79    20    
80    20    
81    20    
82    20    
83    20    
84    20    
85    20    
86    20    
87    20    
88    20    
89    20    
90    20    
91    20    
92    20    
93    20    
94    20    
95    20    
96    21    
97    21    
98    21    
99    21    
100   21    
101   21    
102   21    
103   21    
104   22    
105   22    
106   22    
107   22    
108   21    
109   21    
110   21    
111   22    
112   22    
113   22    
114   22    
115   22    
116   22    
117   22    
118   22    
119   22    
120   22    
121   21    
122   21    
123   21    
124   21    
125   20    
126   20    
127   20    
128   20    
129   20    
130   20    
131   20    
132   20    
133   20    
134   20    
135   20    
136   20    
137   20    
138   20    
139   20    
140   20    
141   21    
142   21    
143   21    
144   21    
145   21    
146   21    
147   21    
148   21    
149   21    
150   20    
151   20    
152   20    
153   20    
154   21    
155   21    
156   21    
157   21    
158   20    
159   20    
160   20    
161   19    
162   19    
163   19    
164   19    
165   19    
166   19    
167   19    
168   19    
169   19    
170   19    
171   19    
172   19    
173   19    
174   19    
175   19    
176   19    
177   19    
178   19    
179   19    
180   19    
181   19    
182   18    
183   18    
184   18    
185   18    
186   18    
187   18    
188   18    
189   18    
190   17    
191   17    
192   17    
193   17    
194   17    
195   17    
196   17    
197   18    
198   18    
199   18    
200   18    
201   18    
202   18    
203   18    
204   18    
205   18    
206   18    
207   18    
208   18    
209   18    
210   18    
211   18    
212   18    
213   18    
214   18    
215   18    
216   18    
217   17    
218   17    
219   17    
220   17    
221   17    
222   17    
223   17    
224   17    
225   17    
226   17    
227   17    
228   17    
229   17    
230   17    
231   17    
232   17    
233   17    
234   17    
235   17    
236   17    
237   17    
238   17    
239   17    
240   17    
241   16    
242   16    
243   16    
244   16    
245   15    
246   16    
247   16    
248   16    
249   16    
250   17    
251   17    
252   17    
253   17    
254   17    
255   17    
256   17    
257   17    
258   17    
259   17    
260   17    
261   17    
262   17    
263   17    
264   17    
265   17    
266   17    
267   17    
268   17    
269   16    
270   16    
271   16    
272   16    
273   15    
274   15    
275   15    
276   15    
277   14    
278   15    
279   15    
280   15    
281   15    
282   16    
283   16    
284   16    
285   16    
286   16    
287   16    
288   16    
289   16    
290   16    
291   16    
292   16    
293   16    
294   16    
295   16    
296   16    
297   16    
298   16    
299   16    
300   16    
301   16    
302   16    
303   15    
304   16    
305   16    
306   16    
307   16    
308   16    
309   16    
310   16    
311   16    
312   16    
313   16    
314   16    
315   16    
316   16    
317   16    
318   16    
319   16    
320   16    
321   16    
322   16    
323   16    
324   16    
325   16    
326   15    
327   16    
328   16    
329   16    
330   16    
331   16    
332   16    
333   16    
334   17    
335   17    
336   18    
337   18    
338   18    
339   18    
340   18    
341   18    
342   18    
343   18    
344   18    
345   18    
346   18    
347   18    
348   18    
349   18    
350   18    
351   18    
352   18    
353   18    
354   18    
355   18    
356   18    
357   18    
358   18    
359   18    
360   18    
361   18    
362   18    
363   18    
364   18    
365   18    
366   19    
367   19    
368   19    
369   19    
370   18    
371   18    
372   18    
373   19    
374   19    
375   19    
376   19    
377   19    
378   19    
379   19    
380   19    
381   19    
382   19    
383   18    
384   18    
385   18    
386   18    
387   18    
388   18    
389   18    
390   18    
391   18    
392   18    
393   18    
394   18    
395   18    
396   18    
397   18    
398   18    
399   18    
400   18    
401   18    
402   18    
403   19    
404   19    
405   19    
406   19    
407   19    
408   19    
409   19    
410   19    
411   19    
412   18    
413   18    
414   18    
415   17    
416   18    
417   18    
418   18    
419   18    
420   17    
421   17    
422   17    
423   17    
424   18    
425   18    
426   18    
427   18    
428   18    
429   18    
430   18    
431   18    
432   18    
433   18    
434   18    
435   18    
436   18    
437   18    
438   18    
439   18    
440   18    
441   18    
442   18    
443   18    
444   18    
445   18    
446   18    
447   18    
448   17    
449   17    
450   17    
451   17    
452   16    
453   16    
454   16    
455   16    
456   16    
457   16    
458   16    
459   17    
460   17    
461   17    
462   17    
463   17    
464   17    
465   17    
466   17    
467   17    
468   17    
469   17    
470   17    
471   17    
472   17    
473   16    
474   16    
475   16    
476   16    
477   16    
478   16    
479   16    
480   16    
481   16    
482   16    
483   16    
484   17    
485   17    
486   17    
487   17    
488   17    
489   17    
490   17    
491   17    
492   17    
493   17    
494   17    
495   17    
496   17    
497   17    
498   17    
499   17    
500   17    
501   17    
502   17    
503   16    
504   16    
505   16    
506   16    
507   15    
508   16    
509   16    
510   16    
511   16    
512   17    
513   17    
514   17    
515   17    
516   17    
517   17    
518   17    
519   17    
520   17    
521   17    
522   17    
523   17    
524   17    
525   17    
526   17    
527   17    
528   17    
529   17    
530   17    
531   17    
532   17    
533   17    
534   17    
535   16    
536   16    
537   16    
538   16    
539   15    
540   16    
541   16    
542   16    
543   16    
544   17    
545   17    
546   17    
547   17    
548   17    
549   17    
550   17    
551   17    
552   17    
553   17    
554   17    
555   17    
556   17    
557   17    
558   17    
559   17    
560   17    
561   17    
562   17    
563   17    
564   17    
565   16    
566   17    
567   17    
568   17    
569   17    
570   17    
571   17    
572   17    
573   17    
574   17    
575   17    
576   17    
577   17    
578   17    
579   17    
580   16    
581   16    
582   16    
583   16    
584   16    
585   16    
586   16    
587   16    
588   15    
589   15    
590   15    
591   15    
592   15    
593   15    
594   15    
595   16    
596   17    
597   17    
598   17    
599   17    
600   17    
601   17    
602   17    
603   17    
604   17    
605   17    
606   17    
607   17    
608   17    
609   17    
610   17    
611   17    
612   17    
613   17    
614   17    
615   17    
616   17    
617   17    
618   17    
619   17    
620   17    
621   17    
622   17    
623   17    
624   17    
625   17    
626   17    
627   17    
628   18    
629   18    
630   18    
631   18    
632   17    
633   17    
634   17    
635   18    
636   18    
637   18    
638   18    
639   18    
640   18    
641   18    
642   18    
643   18    
644   19    
645   18    
646   18    
647   18    
648   18    
649   18    
650   18    
651   18    
652   18    
653   18    
654   18    
655   18    
656   18    
657   18    
658   18    
659   18    
660   18    
661   18    
662   18    
663   18    
664   18    
665   19    
666   19    
667   19    
668   19    
669   19    
670   19    
671   19    
672   19    
673   19    
674   18    
675   18    
676   18    
677   20    
678   20    
679   20    
680   20    
681   20    
682   19    
683   19    
684   19    
685   19    
686   19    
687   19    
688   19    
689   19    
690   19    
691   19    
692   19    
693   19    
694   19    
695   19    
696   19    
697   19    
698   19    
699   19    
700   19    
701   19    
702   19    
703   19    
704   19    
705   19    
706   19    
707   19    
708   19    
709   19    
710   19    
711   19    
712   19    
713   19    
714   18    
715   18    
716   18    
717   18    
718   18    
719   18    
720   18    
721   19    
722   19    
723   20    
724   20    
725   20    
726   20    
727   20    
728   20    
729   20    
730   20    
731   20    
732   20    
733   20    
734   20    
735   20    
736   20    
737   20    
738   20    
739   19    
740   19    
741   19    
742   19    
743   18    
744   19    
745   19    
746   19    
747   19    
748   19    
749   19    
750   19    
751   19    
752   19    
753   19    
754   19    
755   19    
756   18    
757   18    
758   18    
759   18    
760   18    
761   18    
762   18    
763   18    
764   18    
765   17    
766   17    
767   17    
768   17    
769   16    
770   17    
771   17    
772   17    
773   17    
774   18    
775   18    
776   18    
777   18    
778   18    
779   18    
780   18    
781   18    
782   18    
783   18    
784   18    
785   18    
786   18    
787   18    
788   18    
789   18    
790   18    
791   18    
792   18    
793   18    
794   18    
795   18    
796   18    
797   17    
798   17    
799   17    
800   17    
801   16    
802   17    
803   17    
804   17    
805   17    
806   18    
807   18    
808   18    
809   18    
810   17    
811   17    
812   17    
813   17    
814   17    
815   17    
816   17    
817   17    
818   17    
819   18    
820   18    
821   18    
822   18    
823   18    
824   18    
825   18    
826   18    
827   17    
828   18    
829   18    
830   19    
831   19    
832   19    
833   19    
834   19    
835   19    
836   19    
837   19    
838   19    
839   19    
840   19    
841   19    
842   19    
843   19    
844   19    
845   19    
846   19    
847   19    
848   19    
849   19    
850   18    
851   18    
852   18    
853   18    
854   18    
855   18    
856   18    
857   18    
858   19    
859   19    
860   19    
861   19    
862   19    
863   19    
864   19    
865   20    
866   20    
867   20    
868   20    
869   20    
870   20    
871   20    
872   20    
873   20    
874   20    
875   20    
876   20    
877   20    
878   20    
879   20    
880   20    
881   20    
882   20    
883   20    
884   20    
885   20    
886   20    
887   20    
888   20    
889   20    
890   21    
891   21    
892   21    
893   21    
894   20    
895   20    
896   20    
897   21    
898   21    
899   21    
900   21    
901   21    
902   21    
903   21    
904   22    
905   22    
906   22    
907   21    
908   21    
909   21    
910   21    
911   21    
912   21    
913   21    
914   21    
915   21    
916   21    
917   21    
918   21    
919   21    
920   21    
921   21    
922   21    
923   21    
924   21    
925   21    
926   21    
927   22    
928   22    
929   21    
930   21    
931   21    
932   21    
933   21    
934   21    
935   21    
936   20    
937   20    
938   20    
939   21    
940   21    
941   21    
942   21    
943   21    
944   20    
945   20    
946   20    
947   20    
948   20    
949   20    
950   20    
951   20    
952   20    
953   20    
954   20    
955   20    
956   20    
957   20    
958   20    
959   20    
960   20    
961   20    
962   20    
963   20    
964   19    
965   19    
966   19    
967   19    
968   19    
969   19    
970   19    
971   19    
972   19    
973   19    
974   19    
975   19    
976   18    
977   18    
978   18    
979   18    
980   18    
981   18    
982   18    
983   19    
984   18    
985   18    
986   18    
987   18    
988   18    
989   18    
990   18    
991   18    
992   18    
993   18    
994   18    
995   18    
996   18    
997   18    
998   18    
999   18    
1000  18    
1001  18    
1002  18    
1003  18    
1004  18    
1005  17    
1006  18    
1007  18    
1008  18    
1009  18    
1010  18    
1011  18    
1012  18    
1013  18    
1014  18    
1015  18    
1016  18    
1017  18    
1018  18    
1019  18    
1020  18    
1021  18    
1022  18    
1023  18    
1024  18    
1025  18    
1026  18    
1027  17    
1028  17    
1029  17    
1030  17    
1031  16    
1032  17    
1033  17    
1034  17    
1035  17    
1036  18    
1037  18    
1038  18    
1039  18    
1040  18    
1041  18    
1042  17    
1043  17    
1044  17    
1045  17    
1046  17    
1047  17    
1048  17    
1049  17    
1050  17    
1051  17    
1052  17    
1053  17    
1054  17    
1055  17    
1056  17    
1057  17    
1058  17    
1059  16    
1060  16    
1061  16    
1062  16    
1063  15    
1064  16    
1065  16    
1066  16    
1067  16    
1068  17    
1069  17    
1070  17    
1071  17    
1072  17    
1073  17    
1074  17    
1075  17    
1076  17    
1077  17    
1078  17    
1079  17    
1080  17    
1081  17    
1082  17    
1083  17    
1084  17    
1085  17    
1086  17    
1087  17    
1088  17    
1089  16    
1090  17    
1091  17    
1092  17    
1093  17    
1094  17    
1095  17    
1096  17    
1097  17    
1098  17    
1099  17    
1100  17    
1101  17    
1102  17    
1103  17    
1104  17    
1105  17    
1106  17    
1107  17    
1108  17    
1109  17    
1110  17    
1111  17    
1112  16    
1113  16    
1114  17    
1115  17    
1116  17    
1117  17    
1118  17    
1119  17    
1120  18    
1121  18    
1122  17    
1123  17    
1124  17    
1125  17    
1126  17    
1127  17    
1128  17    
1129  17    
1130  17    
1131  17    
1132  17    
1133  17    
1134  17    
1135  17    
1136  17    
1137  17    
1138  17    
1139  17    
1140  17    
1141  17    
1142  17    
1143  17    
1144  17    
1145  18    
1146  18    
1147  18    
1148  18    
1149  18    
1150  18    
1151  18    
1152  19    
1153  19    
1154  19    
1155  19    
1156  18    
1157  18    
1158  18    
1159  19    
1160  19    
1161  20    
1162  20    
1163  20    
1164  20    
1165  20    
1166  20    
1167  20    
1168  20    
1169  19    
1170  19    
1171  19    
1172  19    
1173  19    
1174  19    
1175  19    
1176  19    
1177  19    
1178  19    
1179  19    
1180  19    
1181  19    
1182  19    
1183  19    
1184  19    
1185  19    
1186  19    
1187  19    
1188  19    
1189  20    
1190  20    
1191  20    
1192  20    
1193  20    
1194  20    
1195  20    
1196  20    
1197  20    
1198  19    
1199  19    
1200  19    
1201  20    
1202  20    
1203  20    
1204  20    
1205  20    
1206  19    
1207  19    
1208  19    
1209  19    
1210  19    
1211  19    
1212  19    
1213  19    
1214  19    
1215  19    
1216  19    
1217  18    
1218  18    
1219  18    
1220  18    
1221  18    
1222  18    
1223  18    
1224  18    
1225  18    
1226  18    
1227  18    
1228  18    
1229  18    
1230  18    
1231  18    
1232  18    
1233  18    
1234  18    
1235  18    
1236  17    
1237  16    
1238  17    
1239  17    
1240  17    
1241  17    
1242  17    
1243  17    
1244  17    
1245  18    
1246  18    
1247  18    
1248  18    
1249  18    
1250  18    
1251  18    
1252  18    
1253  18    
1254  18    
1255  18    
1256  18    
1257  18    
1258  18    
1259  18    
1260  18    
1261  18    
1262  18    
1263  18    
1264  18    
1265  18    
1266  18    
1267  17    
1268  18    
1269  18    
1270  18    
1271  18    
1272  18    
1273  18    
1274  18    
1275  18    
1276  18    
1277  18    
1278  18    
1279  18    
1280  18    
1281  18    
1282  18    
1283  18    
1284  18    
1285  18    
1286  18    
1287  18    
1288  18    
1289  17    
1290  17    
1291  17    
1292  17    
1293  16    
1294  17    
1295  17    
1296  17    
1297  17    
1298  17    
1299  17    
1300  17    
1301  17    
1302  17    
1303  17    
1304  17    
1305  17    
1306  17    
1307  17    
1308  17    
1309  17    
1310  17    
1311  17    
1312  17    
1313  17    
1314  17    
1315  17    
1316  17    
1317  17    
1318  17    
1319  17    
1320  17    
1321  16    
1322  16    
1323  16    
1324  16    
1325  15    
1326  16    
1327  16    
1328  16    
1329  16    
1330  17    
1331  17    
1332  17    
1333  17    
1334  17    
1335  17    
1336  17    
1337  17    
1338  17    
1339  17    
1340  17    
1341  17    
1342  17    
1343  17    
1344  17    
1345  17    
1346  17    
1347  17    
1348  17    
1349  17    
1350  17    
1351  16    
1352  17    
1353  17    
1354  17    
1355  17    
1356  17    
1357  17    
1358  17    
1359  17    
1360  17    
1361  17    
1362  17    
1363  17    
1364  17    
1365  17    
1366  16    
1367  16    
1368  16    
1369  16    
1370  16    
1371  16    
1372  16    
1373  16    
1374  15    
1375  15    
1376  15    
1377  15    
1378  15    
1379  15    
1380  15    
1381  15    
1382  16    
1383  16    
1384  16    
1385  16    
1386  16    
1387  16    
1388  16    
1389  16    
1390  16    
1391  16    
1392  16    
1393  16    
1394  16    
1395  16    
1396  16    
1397  16    
1398  16    
1399  16    
1400  16    
1401  16    
1402  16    
1403  16    
1404  16    
1405  16    
1406  16    
1407  16    
1408  16    
1409  16    
1410  16    
1411  16    
1412  16    
1413  16    
1414  18    
1415  18    
1416  18    
1417  18    
1418  17    
1419  17    
1420  17    
1421  18    
1422  18    
1423  18    
1424  18    
1425  18    
1426  18    
1427  18    
1428  18    
1429  18    
1430  17    
1431  17    
1432  17    
1433  17    
1434  17    
1435  17    
1436  17    
1437  17    
1438  17    
1439  17    
1440  17    
1441  17    
1442  17    
1443  17    
1444  17    
1445  17    
1446  17    
1447  17    
1448  17    
1449  18    
1450  18    
1451  19    
1452  19    
1453  19    
1454  19    
1455  19    
1456  19    
1457  19    
1458  19    
1459  19    
1460  18    
1461  18    
1462  18    
1463  19    
1464  19    
1465  19    
1466  19    
1467  19    
1468  18    
1469  18    
1470  18    
1471  18    
1472  18    
1473  18    
1474  18    
1475  18    
1476  18    
1477  18    
1478  18    
1479  18    
1480  18    
1481  18    
1482  18    
1483  18    
1484  18    
1485  18    
1486  18    
1487  18    
1488  19    
1489  19    
1490  19    
1491  19    
1492  19    
1493  19    
1494  19    
1495  19    
1496  19    
1497  19    
1498  19    
1499  18    
1500  18    
1501  18    
1502  18    
1503  18    
1504  18    
1505  18    
1506  18    
1507  19    
1508  20    
1509  20    
1510  21    
1511  21    
1512  21    
1513  21    
1514  21    
1515  21    
1516  21    
1517  21    
1518  21    
1519  21    
1520  21    
1521  21    
1522  21    
1523  21    
1524  21    
1525  21    
1526  21    
1527  21    
1528  20    
1529  19    
1530  20    
1531  20    
1532  20    
1533  20    
1534  20    
1535  20    
1536  20    
1537  20    
1538  20    
1539  20    
1540  20    
1541  20    
1542  20    
1543  20    
1544  20    
1545  20    
1546  20    
1547  20    
1548  20    
1549  20    
1550  20    
1551  19    
1552  19    
1553  19    
1554  19    
1555  18    
1556  19    
1557  19    
1558  19    
1559  19    
1560  20    
1561  20    
1562  20    
1563  20    
1564  20    
1565  20    
1566  20    
1567  20    
1568  20    
1569  20    
1570  20    
1571  20    
1572  20    
1573  20    
1574  20    
1575  20    
1576  20    
1577  20    
1578  20    
1579  20    
1580  20    
1581  20    
1582  20    
1583  19    
1584  19    
1585  19    
1586  19    
1587  18    
1588  19    
1589  19    
1590  19    
1591  19    
1592  20    
1593  20    
1594  20    
1595  20    
1596  20    
1597  20    
1598  20    
1599  20    
1600  20    
1601  20    
1602  20    
1603  20    
1604  20    
1605  20    
1606  20    
1607  20    
1608  20    
1609  20    
1610  20    
1611  20    
1612  20    
1613  19    
1614  19    
1615  19    
1616  19    
1617  19    
1618  20    
1619  20    
1620  20    
1621  20    
1622  20    
1623  20    
1624  20    
1625  20    
1626  20    
1627  20    
1628  20    
1629  20    
1630  20    
1631  20    
1632  20    
1633  20    
1634  20    
1635  20    
1636  19    
1637  19    
1638  19    
1639  19    
1640  19    
1641  19    
1642  19    
1643  19    
1644  20    
1645  20    
1646  20    
1647  20    
1648  20    
1649  20    
1650  20    
1651  20    
1652  20    
1653  20    
1654  20    
1655  20    
1656  20    
1657  20    
1658  20    
1659  20    
1660  20    
1661  20    
1662  20    
1663  20    
1664  20    
1665  20    
1666  20    
1667  20    
1668  20    
1669  20    
1670  20    
1671  20    
1672  20    
1673  20    
1674  20    
1675  21    
1676  21    
1677  21    
1678  21    
1679  21    
1680  20    
1681  20    
1682  20    
1683  21    
1684  21    
1685  21    
1686  21    
1687  21    
1688  21    
1689  21    
1690  21    
1691  21    
1692  20    
1693  20    
1694  20    
1695  20    
1696  20    
1697  20    
1698  20    
1699  20    
1700  20    
1701  20    
1702  20    
1703  20    
1704  20    
1705  20    
1706  20    
1707  20    
1708  20    
1709  20    
1710  20    
1711  20    
1712  20    
1713  21    
1714  21    
1715  21    
1716  21    
1717  21    
1718  21    
1719  21    
1720  21    
1721  21    
1722  20    
1723  20    
1724  20    
1725  21    
1726  21    
1727  21    
