0     19    
1     19    
2     19    
3     19    
4     19    
5     19    
6     19    
7     19    
8     19    
9     19    
10    19    
11    19    
12    18    
13    18    
14    18    
15    17    
16    18    
17    18    
18    18    
19    18    
20    19    
21    19    
22    19    
23    19    
24    19    
25    18    
26    18    
27    18    
28    18    
29    18    
30    18    
31    18    
32    18    
33    18    
34    18    
35    18    
36    18    
37    18    
38    18    
39    18    
40    18    
41    17    
42    18    
43    18    
44    18    
45    19    
46    19    
47    19    
48    19    
49    19    
50    19    
51    19    
52    19    
53    19    
54    19    
55    19    
56    19    
57    19    
58    19    
59    19    
60    19    
61    19    
62    19    
63    19    
64    18    
65    18    
66    18    
67    18    
68    18    
69    18    
70    18    
71    18    
72    19    
73    19    
74    19    
75    19    
76    19    
77    19    
78    19    
79    20    
80    20    
81    20    
82    20    
83    20    
84    20    
85    20    
86    20    
87    20    
88    20    
89    20    
90    20    
91    20    
92    20    
93    20    
94    20    
95    20    
96    21    
97    21    
98    21    
99    21    
100   21    
101   21    
102   21    
103   21    
104   22    
105   22    
106   22    
107   22    
108   21    
109   21    
110   21    
111   22    
112   22    
113   22    
114   22    
115   22    
116   22    
117   22    
118   22    
119   22    
120   22    
121   21    
122   21    
123   21    
124   21    
125   20    
126   20    
127   20    
128   20    
129   20    
130   20    
131   20    
132   20    
133   20    
134   20    
135   20    
136   20    
137   20    
138   20    
139   20    
140   20    
141   21    
142   21    
143   21    
144   21    
145   21    
146   21    
147   21    
148   21    
149   21    
150   20    
151   20    
152   20    
153   20    
154   21    
155   21    
156   21    
157   21    
158   20    
159   20    
160   20    
161   19    
162   19    
163   19    
164   19    
165   19    
166   19    
167   19    
168   19    
169   19    
170   19    
171   19    
172   19    
173   19    
174   19    
175   19    
176   19    
177   19    
178   19    
179   19    
180   19    
181   19    
182   18    
183   18    
184   18    
185   18    
186   18    
187   18    
188   18    
189   18    
190   17    
191   17    
192   17    
193   17    
194   17    
195   17    
196   17    
197   18    
198   18    
199   18    
200   18    
201   18    
202   18    
203   18    
204   18    
205   18    
206   18    
207   18    
208   18    
209   18    
210   18    
211   18    
212   18    
213   18    
214   18    
215   18    
216   18    
217   17    
218   17    
219   17    
220   17    
221   17    
222   17    
223   17    
224   17    
225   17    
226   17    
227   17    
228   17    
229   17    
230   17    
231   17    
232   17    
233   17    
234   17    
235   17    
236   17    
237   17    
238   17    
239   17    
240   17    
241   16    
242   16    
243   16    
244   16    
245   15    
246   16    
247   16    
248   16    
249   16    
250   17    
251   17    
252   17    
253   17    
254   17    
255   17    
256   17    
257   17    
258   17    
259   17    
260   17    
261   17    
262   17    
263   17    
264   17    
265   17    
266   17    
267   17    
268   17    
269   16    
270   16    
271   16    
272   16    
273   15    
274   15    
275   15    
276   15    
277   14    
278   15    
279   15    
280   15    
281   15    
282   16    
283   16    
284   16    
285   16    
286   16    
287   16    
288   16    
289   16    
290   16    
291   16    
292   16    
293   16    
294   16    
295   16    
296   16    
297   16    
298   16    
299   16    
300   16    
301   16    
302   16    
303   15    
304   16    
305   16    
306   16    
307   16    
308   16    
309   16    
310   16    
311   16    
312   16    
313   16    
314   16    
315   16    
316   16    
317   16    
318   16    
319   16    
320   16    
321   16    
322   16    
323   16    
324   16    
325   16    
326   15    
327   16    
328   16    
329   16    
330   16    
331   16    
332   16    
333   16    
334   17    
335   17    
336   18    
337   18    
338   18    
339   18    
340   18    
341   18    
342   18    
343   18    
344   18    
345   18    
346   18    
347   18    
348   18    
349   18    
350   18    
351   18    
352   18    
353   18    
354   18    
355   18    
356   18    
357   18    
358   18    
359   18    
360   18    
361   18    
362   18    
363   18    
364   18    
365   18    
366   19    
367   19    
368   19    
369   19    
370   18    
371   18    
372   18    
373   19    
374   19    
375   19    
376   19    
377   19    
378   19    
379   19    
380   19    
381   19    
382   19    
383   18    
384   18    
385   18    
386   18    
387   18    
388   18    
389   18    
390   18    
391   18    
392   18    
393   18    
394   18    
395   18    
396   18    
397   18    
398   18    
399   18    
400   18    
401   18    
402   18    
403   19    
404   19    
405   19    
406   19    
407   19    
408   19    
409   19    
410   19    
411   19    
412   18    
413   18    
414   18    
415   17    
416   18    
417   18    
418   18    
419   18    
420   17    
421   17    
422   17    
423   17    
424   18    
425   18    
426   18    
427   18    
428   18    
429   18    
430   18    
431   18    
432   18    
433   18    
434   18    
435   18    
436   18    
437   18    
438   18    
439   18    
440   18    
441   18    
442   18    
443   18    
444   18    
445   18    
446   18    
447   18    
448   17    
449   17    
450   17    
451   17    
452   16    
453   16    
454   16    
455   16    
456   16    
457   16    
458   16    
459   17    
460   17    
461   17    
462   17    
463   17    
464   17    
465   17    
466   17    
467   17    
468   17    
469   17    
470   17    
471   17    
472   17    
473   16    
474   16    
475   16    
476   16    
477   16    
478   16    
479   16    
480   16    
481   16    
482   16    
483   16    
484   17    
485   17    
486   17    
487   17    
488   17    
489   17    
490   17    
491   17    
492   17    
493   17    
494   17    
495   17    
496   17    
497   17    
498   17    
499   17    
500   17    
501   17    
502   17    
503   16    
504   16    
505   16    
506   16    
507   15    
508   16    
509   16    
510   16    
511   16    
512   17    
513   17    
514   17    
515   17    
516   17    
517   17    
518   17    
519   17    
520   17    
521   17    
522   17    
523   17    
524   17    
525   17    
526   17    
527   17    
528   17    
529   17    
530   17    
531   17    
532   17    
533   17    
534   17    
535   16    
536   16    
537   16    
538   16    
539   15    
540   16    
541   16    
542   16    
543   16    
544   17    
545   17    
546   17    
547   17    
548   17    
549   17    
550   17    
551   17    
552   17    
553   17    
554   17    
555   17    
556   17    
557   17    
558   17    
559   17    
560   17    
561   17    
562   17    
563   17    
564   17    
565   16    
566   17    
567   17    
568   17    
569   17    
570   17    
571   17    
572   17    
573   17    
574   17    
575   17    
576   17    
577   17    
578   17    
579   17    
580   16    
581   16    
582   16    
583   16    
584   16    
585   16    
586   16    
587   16    
588   15    
589   15    
590   15    
591   15    
592   15    
593   15    
594   15    
595   16    
596   17    
597   17    
598   17    
599   17    
600   17    
601   17    
602   17    
603   17    
604   17    
605   17    
606   17    
607   17    
608   17    
609   17    
610   17    
611   17    
612   17    
613   17    
614   17    
615   17    
616   17    
617   17    
618   17    
619   17    
620   17    
621   17    
622   17    
623   17    
624   17    
625   17    
626   17    
627   17    
628   18    
629   18    
630   18    
631   18    
632   17    
633   17    
634   17    
635   18    
636   18    
637   18    
638   18    
639   18    
640   18    
641   18    
642   18    
643   18    
644   19    
645   18    
646   18    
647   18    
648   18    
649   18    
650   18    
651   18    
652   18    
653   18    
654   18    
655   18    
656   18    
657   18    
658   18    
659   18    
660   18    
661   18    
662   18    
663   18    
664   18    
665   19    
666   19    
667   19    
668   19    
669   19    
670   19    
671   19    
672   19    
673   19    
674   18    
675   18    
676   18    
677   20    
678   20    
679   20    
680   20    
681   20    
682   19    
683   19    
684   19    
685   19    
686   19    
687   19    
688   19    
689   19    
690   19    
691   19    
692   19    
693   19    
694   19    
695   19    
696   19    
697   19    
698   19    
699   19    
700   19    
701   19    
702   19    
703   19    
704   19    
705   19    
706   19    
707   19    
708   19    
709   19    
710   19    
711   19    
712   19    
713   19    
714   18    
715   18    
716   18    
717   18    
718   18    
719   18    
720   18    
721   19    
722   19    
723   20    
724   20    
725   20    
726   20    
727   20    
728   20    
729   20    
730   20    
731   20    
732   20    
733   20    
734   20    
735   20    
736   20    
737   20    
738   20    
739   19    
740   19    
741   19    
742   19    
743   18    
744   19    
745   19    
746   19    
747   19    
748   19    
749   19    
750   19    
751   19    
752   19    
753   19    
754   19    
755   19    
756   18    
757   18    
758   18    
759   18    
760   18    
761   18    
762   18    
763   18    
764   18    
765   17    
766   17    
767   17    
768   17    
769   16    
770   17    
771   17    
772   17    
773   17    
774   18    
775   18    
776   18    
777   18    
778   18    
779   18    
780   18    
781   18    
782   18    
783   18    
784   18    
785   18    
786   18    
787   18    
788   18    
789   18    
790   18    
791   18    
792   18    
793   18    
794   18    
795   18    
796   18    
797   17    
798   17    
799   17    
800   17    
801   16    
802   17    
803   17    
804   17    
805   17    
806   18    
807   18    
808   18    
809   18    
810   17    
811   17    
812   17    
813   17    
814   17    
815   17    
816   17    
817   17    
818   17    
819   18    
820   18    
821   18    
822   18    
823   18    
824   18    
825   18    
826   18    
827   17    
828   18    
829   18    
830   19    
831   19    
832   19    
833   19    
834   19    
835   19    
836   19    
837   19    
838   19    
839   19    
840   19    
841   19    
842   19    
843   19    
844   19    
845   19    
846   19    
847   19    
848   19    
849   19    
850   18    
851   18    
852   18    
853   18    
854   18    
855   18    
856   18    
857   18    
858   19    
859   19    
860   19    
861   19    
862   19    
863   19    
