1-1


1-2


1-3
0	20	40	60	80	100	120	140	160	180	200	220	240	260	280	300	320	340	360	380	


1-4
1	21	41	61	81	101	121	141	161	181	201	221	241	261	281	301	321	341	361	381	


1-5


1-6
2	22	42	62	82	102	122	142	162	182	202	

1-7


1-8


1-9
3	23	43	63	83	103	123	143	163	183	203	222	242	262	282	302	322	342	362	382	


1-10
4	24	44	64	84	104	124	144	164	184	204	223	243	263	283	303	323	343	363	383	


1-11
5	25	45	65	85	105	125	145	165	185	205	224	244	264	284	304	324	344	364	384	


1-12


1-13


1-14


1-15


1-16


1-17
6	26	46	66	86	106	126	146	166	186	206	225	245	265	285	305	325	345	365	385	


1-18


1-19


1-20


1-21


1-22


1-23
7	27	47	67	87	107	127	147	167	187	207	226	246	266	286	

1-24
8	28	48	68	88	108	128	148	168	188	208	227	247	267	287	306	326	346	366	386	


1-25
9	29	49	69	89	109	129	149	169	189	209	228	248	268	288	307	327	347	367	387	


1-26


1-27
10	30	50	70	90	110	130	150	170	190	210	229	249	269	289	308	328	348	368	388	


1-28


1-29
11	31	51	71	91	111	131	151	171	191	211	230	250	270	290	309	329	349	369	389	


1-30


2-1


2-2


2-3


2-4
0	20	40	60	80	100	120	140	160	180	200	220	240	260	280	300	320	340	360	380	


2-5
1	21	41	61	81	101	121	141	161	181	201	221	241	261	281	301	321	341	361	381	


2-6


2-7


2-8


2-9
2	22	42	62	82	102	122	142	162	182	202	223	243	263	283	303	323	343	363	383	


2-10
3	23	43	63	83	103	123	143	163	183	203	222	242	262	282	302	322	342	362	382	


2-11
4	24	44	64	84	104	124	144	164	184	204	225	245	265	285	305	325	345	365	385	


2-12


2-13


2-14


2-15


2-16


2-17
5	25	45	65	85	105	125	145	165	185	205	224	244	264	284	304	324	344	364	384	


2-18


2-19


2-20


2-21


2-22


2-23


2-24
126	146	166	186	206	226	246	266	286	307	327	347	367	387	

2-25
6	26	46	66	86	106	127	147	167	187	207	227	247	267	287	306	326	346	366	386	


2-26
7	27	47	67	87	107	128	148	168	188	208	228	248	268	288	308	328	348	368	388	


2-27
8	28	48	68	88	108	129	149	169	189	209	230	250	270	290	309	329	349	369	389	


2-28


2-29


2-30


3-1


3-2


3-3


3-4


3-5


3-6


3-7


3-8


3-9


3-10


3-11


3-12


3-13


3-14


3-15


3-16


3-17


3-18


3-19


3-20


3-21


3-22


3-23


3-24


3-25


3-26


3-27


3-28


3-29


3-30


4-1


4-2


4-3


4-4


4-5


4-6


4-7


4-8


4-9


4-10


4-11


4-12


4-13


4-14


4-15


4-16


4-17


4-18


4-19


4-20


4-21


4-22


4-23


4-24


4-25


4-26


4-27


4-28


4-29


4-30


5-1


5-2


5-3


5-4


5-5


5-6


5-7


5-8


5-9


5-10


5-11


5-12


5-13


5-14


5-15


5-16


5-17


5-18


5-19


5-20


5-21


5-22


5-23


5-24


5-25


5-26


5-27


5-28


5-29


5-30


6-1


6-2


6-3
221	241	261	281	301	321	341	361	381	

6-4
222	242	262	282	302	322	342	362	382	

6-5


6-6


6-7


6-8


6-9
220	240	260	280	300	320	340	360	380	

6-10
224	244	264	284	304	324	344	364	384	

6-11
223	243	263	283	303	323	343	363	383	

6-12


6-13


6-14


6-15


6-16


6-17
226	246	266	286	306	326	346	366	386	

6-18


6-19


6-20


6-21


6-22


6-23


6-24


6-25


6-26


6-27


6-28


6-29


6-30


7-1


7-2


7-3


7-4
2	22	42	62	82	102	122	142	162	182	202	223	243	263	283	303	323	343	363	383	


7-5
0	20	40	60	80	100	120	140	160	180	200	220	240	260	280	300	320	340	360	380	


7-6


7-7


7-8


7-9
1	21	41	61	81	101	121	141	161	181	201	221	241	261	281	301	321	341	361	

7-10
5	25	45	65	85	105	125	145	165	185	205	225	245	265	285	305	325	345	365	381	


7-11
3	23	43	63	83	103	123	143	163	183	203	222	242	262	282	302	322	342	362	382	


7-12


7-13


7-14


7-15


7-16


7-17
4	24	44	64	84	104	124	144	164	184	204	227	247	267	287	307	327	347	367	387	


7-18


7-19


7-20


7-21


7-22


7-23


7-24
207	224	244	264	284	304	324	344	364	384	

7-25
7	27	47	67	87	107	126	146	166	186	206	226	246	266	286	308	328	348	368	385	


7-26
147	167	187	209	229	249	269	289	306	326	346	366	386	

7-27


7-28


7-29


7-30


8-1


8-2


8-3
1	21	41	61	81	101	121	141	161	181	201	222	242	262	282	302	322	342	362	382	


8-4


8-5
2	22	42	62	82	102	122	142	162	182	202	223	243	263	283	303	323	343	363	383	


8-6
0	20	40	60	80	100	120	140	160	180	200	

8-7


8-8


8-9


8-10


8-11
6	26	46	66	86	106	126	146	166	186	206	220	240	260	280	300	320	340	360	380	


8-12


8-13


8-14


8-15


8-16


8-17
3	23	43	63	83	103	123	143	163	183	203	221	241	261	281	301	321	341	361	381	


8-18


8-19


8-20


8-21


8-22


8-23
4	24	44	64	84	104	124	144	164	184	204	224	244	264	284	304	324	344	364	384	


8-24
5	25	45	65	85	105	125	145	165	185	205	225	245	265	285	305	325	345	365	385	


8-25
8	28	48	68	88	108	128	148	168	188	208	229	249	269	289	309	329	349	369	

8-26
9	29	49	69	89	109	127	149	169	189	207	226	246	266	286	307	327	347	367	387	


8-27
7	27	47	67	87	107	131	147	167	187	211	227	247	267	287	306	326	346	366	386	


8-28


8-29
70	90	110	129	150	170	190	209	228	248	268	288	308	328	348	368	388	

8-30


9-1


9-2


9-3


9-4


9-5


9-6


9-7


9-8


9-9


9-10


9-11


9-12


9-13


9-14


9-15


9-16


9-17


9-18


9-19


9-20


9-21


9-22


9-23


9-24


9-25


9-26


9-27


9-28


9-29


9-30


10-1


10-2


10-3


10-4


10-5


10-6


10-7


10-8


10-9


10-10


10-11


10-12


10-13


10-14


10-15


10-16


10-17


10-18


10-19


10-20


10-21


10-22


10-23


10-24


10-25


10-26


10-27


10-28


10-29


10-30


11-1


11-2


11-3


11-4


11-5


11-6


11-7


11-8


11-9


11-10


11-11


11-12


11-13


11-14


11-15


11-16


11-17


11-18


11-19


11-20


11-21


11-22


11-23


11-24


11-25


11-26


11-27


11-28


11-29


11-30


12-1


12-2


12-3
2	22	42	62	82	102	122	142	162	182	202	223	243	263	283	303	323	343	363	383	


12-4
3	23	43	63	83	103	123	143	163	183	203	224	244	264	284	304	324	344	364	384	


12-5
4	24	44	64	84	104	124	144	164	184	204	222	242	262	282	302	322	342	362	382	


12-6
1	21	41	61	81	101	121	141	161	181	201	

12-7


12-8


12-9
0	20	40	60	80	100	120	140	160	180	200	225	245	265	285	305	325	345	365	381	


12-10
6	26	46	66	86	106	126	146	166	186	206	220	240	260	280	300	320	340	360	380	


12-11


12-12


12-13


12-14


12-15


12-16


12-17


12-18


12-19


12-20


12-21


12-22


12-23
5	25	45	65	85	105	125	145	165	185	205	221	241	261	281	301	321	341	361	385	


12-24
7	

12-25
10	30	50	70	90	110	130	150	170	190	210	230	250	270	290	310	330	350	370	388	


12-26
8	28	48	68	88	108	129	151	171	191	211	227	247	267	287	309	329	349	369	389	


12-27


12-28


12-29
9	27	47	67	87	107	127	147	167	187	207	226	246	266	286	306	326	346	366	386	


12-30


13-1


13-2


13-3
3	23	43	63	83	103	123	143	163	183	203	224	244	264	284	304	324	344	364	

13-4


13-5
5	25	45	65	85	105	125	145	165	185	205	225	245	265	285	305	325	345	365	384	


13-6
4	24	44	64	84	104	124	144	164	184	204	

13-7


13-8


13-9


13-10
0	20	40	60	80	100	120	140	160	180	200	221	241	261	281	301	321	341	361	385	


13-11
1	21	41	61	81	101	121	141	161	181	201	226	246	266	286	306	326	346	366	381	


13-12


13-13


13-14


13-15


13-16


13-17
2	22	42	62	82	102	122	142	162	182	202	220	240	260	280	300	320	340	360	380	


13-18


13-19


13-20


13-21


13-22


13-23
6	26	46	66	86	106	126	146	166	186	206	222	242	262	282	302	322	342	362	382	


13-24
9	27	47	67	87	107	127	147	167	187	209	223	243	263	283	303	323	343	363	383	


13-25
251	271	291	311	331	351	371	389	

13-26
10	30	50	70	90	110	130	150	170	190	210	230	250	270	290	310	330	350	370	390	


13-27
11	29	49	69	89	109	128	148	168	188	207	228	248	268	288	307	327	347	367	387	


13-28


13-29
7	28	48	68	88	108	132	149	169	189	208	227	247	267	287	312	332	352	372	391	


13-30


14-1


14-2


14-3
4	24	44	64	84	104	124	144	164	184	204	225	245	265	285	305	325	345	365	384	


14-4


14-5
3	23	43	63	83	103	123	143	163	183	203	224	244	264	284	304	324	344	364	385	


14-6
5	25	45	65	85	105	125	145	165	185	205	

14-7


14-8


14-9
6	26	46	66	86	106	126	146	166	186	206	226	246	266	286	306	326	346	366	386	


14-10


14-11
0	20	40	60	80	100	120	140	160	180	200	221	241	261	281	301	321	341	361	387	


14-12


14-13


14-14


14-15


14-16


14-17
1	21	41	61	81	101	121	141	161	181	201	222	242	262	282	302	322	342	362	382	


14-18


14-19


14-20


14-21


14-22


14-23
2	22	42	62	82	102	122	142	162	182	202	220	240	260	280	300	320	340	360	380	


14-24
10	29	49	69	89	109	129	149	169	189	210	228	248	268	288	308	328	348	368	381	


14-25
11	31	51	71	91	111	131	151	171	191	211	223	243	263	283	303	323	343	363	383	


14-26
12	32	52	72	92	112	132	152	172	192	212	231	251	271	291	311	331	351	371	391	


14-27
9	33	53	73	93	113	127	153	173	193	208	232	252	272	292	310	330	350	370	390	


14-28


14-29


14-30


15-1


15-2


15-3
5	25	45	65	85	105	125	145	165	185	205	226	246	266	286	306	326	346	366	385	


15-4
4	24	44	64	84	104	124	144	164	184	204	225	245	265	285	305	325	345	365	386	


15-5
6	26	46	66	86	106	126	146	166	186	206	227	247	267	287	307	327	347	367	387	


15-6
3	23	43	63	83	103	123	143	163	183	203	

15-7


15-8


15-9
7	27	47	67	87	107	127	147	167	187	207	224	244	264	284	304	324	344	364	384	


15-10
1	21	41	61	81	101	121	141	161	181	201	228	248	268	288	308	328	348	368	388	


15-11


15-12


15-13


15-14


15-15


15-16


15-17


15-18


15-19


15-20


15-21


15-22


15-23
0	20	40	60	80	100	120	140	160	180	200	223	243	263	283	303	323	343	363	381	


15-24
2	22	42	62	82	102	122	142	162	182	202	220	240	260	280	300	320	340	360	380	


15-25


15-26
11	31	51	71	91	111	131	153	173	193	213	221	241	261	281	301	321	341	361	382	


15-27
12	32	52	72	92	112	132	151	171	191	212	222	242	262	282	302	322	342	362	383	


15-28


15-29


15-30


16-1


16-2


16-3
6	26	46	66	86	106	126	146	166	186	206	227	247	267	287	307	327	347	367	386	


16-4
5	25	45	65	85	105	125	145	165	185	205	226	246	266	286	306	326	346	366	385	


16-5
7	27	47	67	87	107	127	147	167	187	207	228	248	268	288	308	328	348	368	388	


16-6
8	28	48	68	88	108	128	148	168	188	208	

16-7


16-8


16-9


16-10
2	22	42	62	82	102	122	142	162	182	202	229	249	269	289	309	329	349	369	387	


16-11
9	29	49	69	89	109	129	149	169	189	209	230	250	270	290	310	330	350	370	389	


16-12


16-13


16-14


16-15


16-16


16-17


16-18


16-19


16-20


16-21


16-22


16-23
1	21	41	61	81	101	121	141	161	181	201	225	245	265	285	305	325	345	365	383	


16-24
0	20	40	60	80	100	120	140	160	180	200	221	241	261	281	301	321	341	361	382	


16-25


16-26


16-27
3	23	43	63	83	103	123	143	163	183	203	220	240	260	280	300	320	340	360	380	


16-28


16-29


16-30


17-1


17-2


17-3


17-4


17-5


17-6


17-7


17-8


17-9


17-10


17-11


17-12


17-13


17-14


17-15


17-16


17-17


17-18


17-19


17-20


17-21


17-22


17-23


17-24


17-25


17-26


17-27


17-28


17-29


17-30


18-1


18-2


18-3
7	27	47	67	87	107	127	147	167	187	207	228	248	268	288	308	328	348	368	387	


18-4
6	26	46	66	86	106	126	146	166	186	206	227	247	267	287	307	327	347	367	388	


18-5
8	28	48	68	88	108	128	148	168	188	208	226	246	266	286	306	326	346	366	386	


18-6
9	29	49	69	89	109	129	149	169	189	209	

18-7


18-8


18-9
4	24	44	64	84	104	124	144	164	184	204	229	249	269	289	309	329	349	369	385	


18-10
10	30	50	70	90	110	130	150	170	190	210	230	250	270	290	310	330	350	370	389	


18-11


18-12


18-13


18-14


18-15


18-16


18-17


18-18


18-19


18-20


18-21


18-22


18-23
3	23	43	63	83	103	123	143	163	183	203	231	251	271	291	311	331	351	371	390	


18-24
1	21	41	61	81	101	121	141	161	181	201	222	242	262	282	302	322	342	362	391	


18-25
0	20	40	60	80	100	120	140	160	180	200	220	240	260	280	300	320	340	360	380	


18-26
2	22	42	62	82	102	122	142	162	182	202	223	243	263	283	303	323	343	363	381	


18-27
25	45	65	85	105	125	145	165	185	205	221	241	261	281	301	321	341	361	382	

18-28


18-29
5	32	52	72	92	112	133	152	172	192	212	224	244	264	284	304	324	344	364	383	


18-30


19-1


19-2


19-3


19-4
7	27	47	67	87	107	127	147	167	187	207	228	248	268	288	308	328	348	368	387	


19-5
9	29	49	69	89	109	129	149	169	189	209	229	249	269	289	

19-6


19-7


19-8


19-9
5	25	45	65	85	105	125	145	165	185	205	227	247	267	287	307	327	347	367	388	


19-10
8	28	48	68	88	108	128	148	168	188	208	226	246	266	286	306	326	346	366	386	


19-11
2	22	42	62	82	102	122	142	162	182	202	231	251	271	291	309	329	349	369	390	


19-12


19-13


19-14


19-15


19-16


19-17
0	20	40	60	80	100	120	140	160	180	200	223	243	263	283	303	323	343	363	383	


19-18


19-19


19-20


19-21


19-22


19-23


19-24
3	23	43	63	83	103	123	143	163	183	203	230	250	270	290	310	330	350	370	389	


19-25
1	21	41	61	81	101	121	141	161	181	201	221	241	261	281	301	321	341	361	381	


19-26
4	24	44	64	84	104	124	144	164	184	204	220	240	260	280	300	320	340	360	380	


19-27
6	26	46	66	86	106	126	146	166	186	206	224	244	264	284	304	324	344	364	384	


19-28


19-29


19-30


20-1


20-2


20-3
208	229	249	269	289	309	329	349	369	388	

20-4
8	28	48	68	88	108	128	148	168	188	209	230	250	270	290	310	330	350	370	389	


20-5
10	30	50	70	90	110	130	150	170	190	210	231	251	271	291	311	331	351	371	390	


20-6
126	146	166	186	206	

20-7


20-8


20-9
9	29	49	69	89	109	129	149	169	189	211	228	248	268	288	308	328	348	368	387	


20-10
7	27	47	67	87	107	127	147	167	187	207	227	247	267	287	307	327	347	367	391	


20-11
11	31	51	71	91	111	131	151	171	191	212	232	252	272	292	312	332	352	372	386	


20-12


20-13


20-14


20-15


20-16


20-17
12	32	52	72	92	112	132	152	172	192	213	233	253	273	293	313	333	353	373	392	


20-18


20-19


20-20


20-21


20-22


20-23
13	33	53	73	93	113	133	153	173	193	214	234	254	274	294	306	326	346	366	393	


20-24


20-25
2	22	42	62	82	102	122	142	162	182	202	222	242	262	282	302	322	342	362	382	


20-26
0	20	40	60	80	100	120	140	160	180	200	224	244	264	284	304	324	344	364	383	


20-27


20-28


20-29
1	21	41	61	81	101	121	141	161	181	201	220	240	260	280	300	320	340	360	380	


20-30


21-1


21-2


21-3
8	28	48	68	88	108	128	148	168	188	209	230	250	270	290	310	330	350	370	389	


21-4
9	29	49	69	89	109	129	149	169	189	208	229	249	269	289	309	329	349	369	390	


21-5
11	31	51	71	91	111	131	151	171	191	211	232	252	272	292	312	332	352	372	391	


21-6
6	26	46	66	86	106	127	147	167	187	207	

21-7


21-8


21-9
10	30	50	70	90	110	130	150	170	190	210	231	251	271	291	311	331	351	371	392	


21-10
12	32	52	72	92	112	132	152	172	192	212	233	253	273	293	313	333	353	373	393	


21-11


21-12


21-13


21-14


21-15


21-16


21-17


21-18


21-19


21-20


21-21


21-22


21-23
14	34	54	74	94	114	134	154	174	194	213	227	247	267	287	307	327	347	367	386	


21-24
4	24	44	64	84	104	124	144	164	184	204	234	254	274	294	314	334	354	374	388	


21-25


21-26
1	21	41	61	81	101	121	141	161	181	201	222	242	262	282	302	322	342	362	384	


21-27
0	20	40	60	80	100	120	140	160	180	200	223	243	263	283	303	323	343	363	381	


21-28


21-29


21-30


22-1


22-2


22-3
9	29	49	69	89	109	129	149	169	189	210	231	251	271	291	311	331	351	371	390	


22-4
10	30	50	70	90	110	130	150	170	190	211	232	252	272	292	312	332	352	372	391	


22-5
12	32	52	72	92	112	132	152	172	192	212	230	

22-6


22-7


22-8


22-9
8	28	48	68	88	108	128	148	168	188	208	233	250	270	290	310	330	350	370	389	


22-10
11	31	51	71	91	111	131	151	171	191	209	234	254	274	294	314	334	354	374	392	


22-11
7	27	47	67	87	107	127	147	167	187	207	227	247	267	287	307	327	347	367	388	


22-12


22-13


22-14


22-15


22-16


22-17
13	33	53	73	93	113	133	153	173	193	214	228	248	268	288	308	328	348	368	393	


22-18


22-19


22-20


22-21


22-22


22-23


22-24
6	26	46	66	86	106	134	154	174	194	213	229	249	269	289	309	329	349	369	394	


22-25


22-26


22-27


22-28


22-29


22-30


23-1


23-2


23-3


23-4


23-5


23-6


23-7


23-8


23-9


23-10


23-11


23-12


23-13


23-14


23-15


23-16


23-17


23-18


23-19


23-20


23-21


23-22


23-23


23-24


23-25


23-26


23-27


23-28


23-29


23-30


24-1


24-2


24-3


24-4


24-5


24-6


24-7


24-8


24-9


24-10


24-11


24-12


24-13


24-14


24-15


24-16


24-17


24-18


24-19


24-20


24-21


24-22


24-23


24-24


24-25


24-26


24-27


24-28


24-29


24-30


