1    17   10   6    24   23   4    9    3    10   6    23   4    9    17   11   10   6    24   0    0    
2    4    9    17   4    9    17   11   10   4    9    17   11   10   9    5    17   11   9    0    0    
3    8    21   14   8    18   12   18   1    13   8    14   13   13   16   14   22   8    21   0    0    
4    2    22   7    2    20   1    7    19   2    15   12   1    18   21   7    12   16   22   20   0    
5    7    7    18   12   14   19   13   16   12   21   20   22   12   19   2    16   12   7    0    0    
6    12   13   1    21   16   14   8    13   18   1    15   12   14   13   12   8    1    12   0    0    
7    5    5    4    9    17   0    4    11   9    17   10   10   11   10   4    11   9    5    0    0    
8    3    23   24   3    11   23   6    23   17   3    11   23   17   11   23   6    3    11   0    0    
9    14   2    12   7    2    22   1    12   7    2    18   21   1    2    20   14   7    2    0    0    
10   13   1    16   20   12   21   20   2    1    22   7    7    2    7    15   1    18   19   15   0    
11   16   20   13   22   8    13   2    7    20   19   8    2    7    8    1    7    2    8    0    0    
12   6    24   9    5    10   3    24   9    5    23   4    6    5    23   6    4    5    6    0    0    
13   10   6    11   23   0    11   5    6    3    0    24   3    3    6    17   0    23   17   0    0    
14   9    0    3    0    5    6    17   0    23   0    3    0    6    0    3    9    0    23   0    0    
15   24   26   23   0    24   0    23   0    24   4    6    0    24   0    10   0    24   0    10   0    
16   11   27   10   0    6    24   0    5    0    24   0    24   0    3    0    5    4    27   0    0    
17   1    19   2    19   7    2    14   22   8    7    2    19   8    1    13   2    20   13   0    0    
18   23   0    5    0    3    0    3    0    6    0    9    0    4    0    24   0    10   25   0    0    
19   0    17   0    17   0    5    0    4    0    11   0    17   0    5    0    24   0    10   0    0    
20   25   11   0    10   4    0    10   0    11   0    5    0    23   0    9    0    17   0    4    0    
21   26   3    0    6    27   10   26   24   27   5    26   9    27   4    26   23   27   3    0    0    
22   0    4    0    11   0    9    0    17   0    10   0    5    0    24   0    3    0    4    0    0    
23   18   8    15   13   1    8    15   8    14   12   1    8    20   12   8    21   13   14   0    0    
24   15   12   8    1    15   16   12   21   15   16   13   16   15   22   18   19   15   1    0    0    
